884324440
2913878791
11613234762
6807041540
10368705171
3339185100
8129197872
6609935971
3657951264
3657947613
963428836
3255212023
3255273234
3292264954
3657950155
3273045358
3657965411
3255273311
3255313048
3255273537
3255271899
665499052
745836652
3273047856
3657949150
675441474
3292266784
3295450474
963583154
3292267285
745723899
3295451644
3255212472
3255272808
745840713
3657953281
3265195306
3273045001
729378982
3295452168
3265192979
3292262934
3255268343
3255212219
963535897
3255275198
3265192800
3255273169
3657947484
3295452924
675439797
3292264823
3255311872
745841739
963638795
3255266841
3295451181
729366392
3255273397
3255272233
3657950680
3657953617
3255210948
3657950370
3255311790
3255212765
3657949574
665501966
3657954229
665374435
3657954634
3265192853
3255213511
3292265614
675441835
3265194626
3657947139
3292263851
3295451100
3255312815
729371439
665494258
3273047645
745840713
729365468
3255267779
3273044713
3657951477
745840112
963566010
729367327
3292269527
729365666
3255311324
3265194504
665498745
675440398
963534202
3295454195
3255309059
3255268515
729371920
3255309878
745723899
729366749
3657951062
3265194680
3657951584
729362928
3255312431
963537319
3255309310
3295450612
729377193
963546867
3292266715
665271121
3273044902
3255314103
3295453392
3295450334
729367592
3657952742
3255313184
3255312011
745841581
3273045959
3295451505
3273047003
3255310433
963541450
3255211969
729376791
963537319
3273044806
3273047380
3255266921
3292262528
3292267046
665500662
3255313246
963581529
3273045729
3657950030
729381063
963533350
3255273815
3273048695
3657953829
3265192520
3255214832
3657949824
3255310052
729370145
3255272444
3255309371
3255211566
3292267166
3657953502
3255211025
745832861
745841141
745832110
3292265437
963581895
3273046110
665501214
745836652
3255211841
665494824
3292262464
3657948001
745839618
3657952526
963549387
3292267115
3292263915
3295454356
729371180
3657950872
3295450936
745835511
3292266145
963554155
3292263206
3265195193
3273044504
3255272168
3265192920
3657951168
3292265484
729380042
2308132244
3657949268
3295450411
3292265210
3657953943
665495536
3255274190
3292262595
3265194206
3657954753
963536292
2308131574
3255314400
3273044208
3292265879
3255272733
3255273740
3255212088
729366167
745832110
963582231
3265193840
3255312082
3265193362
3292266924
963563276
3292265685
3657952242
3265193556
3255213368
675435854
963541450
3273048934
3255313940
3255314260
963537832
665500191
3255273871
3657953190
729377421
963531103
3255275040
3265193254
3295450685
3255213434
3255273960
3255312296
3657950262
3265193147
665502116
3273044418
3255314186
3273044311
3255311577
3265194406
745835511
3255312212
3292263003
729363339
3255268668
3292265559
745832543
3255211352
963566010
3295453308
3255310291
675433267
3292263995
3255273463
3292265293
3657951367
3657950775
3255312744
729373258
963529929
3255213309
963539640
3265193999
963546565
3292266075
3657953010
3295451419
3255272874
3292263133
675438989
3292263642
3292263072
963563276
3292263776
3295451352
3657954336
963584577
745832861
3255274326
3265193726
3292263348
3292262795
963546867
729369133
963566010
3255211152
729380646
963542057
3255311646
3292265365
3295453004
963550566
3265193419
3265193197
3292265073
963576119
3255309958
3273046288
963548744
3657954422
3295451571
729373070
3255274524
3292266225
665499178
3657952631
745832543
3273047469
3265195740
3273044608
3255310357
3657954132
3292264886
3295452760
3273045627
3273045173
3255309685
3273045082
3255211090
3255272951
3292263708
3255268592
3292266367
3255272374
3255312648
3255211418
665500931
963586730
3255310665
3295450246
3255310736
3295455884
3292267235
729369802
3255214748
3255311710
963583966
3657949934
3265193608
3657947000
963531823
745840112
3265192578
963563276
3255213176
729368205
3657952846
729371614
3657947869
675443237
729367078
3657954522
3292268068
3292263424
3295452090
675442815
3265195353
3273046192
3255211221
3292264540
963532554
3657949676
3295453149
3292262737
729370469
3255212542
3657947734
3255311402
3255213231
3265194269
675435007
3255212654
3265195694
3657950567
3255266778
3657947371
3273045453
729377934
665498651
3255274105
3255213823
3255316361
3255273680
3255271820
3255266625
3292264753
3273047564
3255314474
729378700
675440964
963575856
745835027
3255274974
3295451265
3292263268
3255273618
3295450768
3295453084
3255309246
3273045269
3657953385
729361834
3255312145
3657953732
2308128406
3265193037
729375866
963541450
3255313868
745839618
3657949044
3255274687
665500457
3295453471
665498077
3295454195
3255212353
963537319
3273045817
3255266550
3255212157
963574629
3255266550
3657952325
3255309556
3273047284
3292262860
3255213674
3295451807
3255272028
3255211777
745841739
3292265998
3295454431
3255274031
3265194575
3255311476
3292265131
3255212295
3255272297
729379433
963430758
3657949457
3265193784
3295452844
729381962
3265192464
675439454
3265192680
3657947258
3265194465
3292262397
3292262660
675442358
3255272100
3295451932
3255211699
3657952934
3273044117
3255215472
3273048852
3292268144
3295452338
963540512
3273045883
3273047194
3273047744
3255275122
3265193506
745835027
3255310804
3657950483
3255211486
745841141
963581235
3295450851
3292263490
3273046371
3255312358
3255211283
3292262316
3255312905
963571362
3255274265
3255271964
3255309624
3255311948
3295451718
3292267932
3255274385
3255214608
3255211904
3255309188
3292263571
3292264679
3295451022
3265193647
3255271675
3255274752
3273046533
3255272520
3292265003
3273045544
3265194362
665501373
3255265947
665498959
3657953095
3255268429
3255314324
3255213577
665495019
3657950972
3273047106
3292264618
963547883
3657954032
3295452011
3265194318
729513436
3292266854
665499312
3255314033
963546867
3657948917
3292266992
729525341
3255212595
3657952432
3255273087
745841581
3255272594
3255266697
3292264066
3255312522
729365287
3265193896
3255274621
3292265759
665495357
729365868
3255213744
729379824
3295453221
3265192741
3255313122
3255271755
3295450542
3255274905
963583488
3265193307
3292265823
3255268738
3255272664
3273049721
665495189
10368705171
8129197872
6609935971
3339185100
124004936
50366663
223079737
72603563
189741947
25973368
80142075
45021627
252793785
172085792
242906285
40825946
12592754
90780700
48047101
15952512
58266976
268528649
11442510
223104924
280038600
59713741
115955313
103330075
58266976
23260999
26725510
34312118
13319240
52603336
745770497
139139647
11954776
139121396
79146128
139121396
80557857
172086774
444919482
12221720
80142075
116657254
80557857
187687193
11409474
287439768
11442510
33393806
416669243
12218321
11563093
96476430
10470609
80557857
17230208
93180631
45021627
12510164
394764320
394764231
40312463
98423660
113951395
79146128
12221720
745770497
103330075
16975131
233693740
88103227
12221720
1047911069
139126981
88742707
100253437
16606212
28937301
153952281
80557857
243182702
28909790
165710339
128847294
97689497
187687175
116679805
130099641
25498565
16975131
75318500
172086774
90719079
14846869
81148423
116740155
96670147
16606212
45867891
28502053
95356090
57219451
33649879
121369435
11409474
283709822
11439778
93108071
11409474
156092238
13508017
70990583
94219391
96026548
25268275
230849680
12221720
75477590
13073626
1450702331
98422796
98423660
42165408
223104924
170782970
108120294
28511792
41707332
40825946
139110864
33649879
96669672
187687175
25973368
1450702804
79429148
165710339
90780700
162005784
80557857
95356090
172085792
52603336
16646125
394764320
394764231
31584522
14846869
17230208
52603336
165708869
1450702804
11442510
16646125
156092238
15952512
162382546
98422796
189741975
77241866
11996935
86374096
21382712
43996479
13319240
43996479
16424968
416669201
108120294
166887618
28511843
41385697
115955313
20003640
52603336
90719079
250278966
13505848
94287666
93180631
11954776
176248895
41385697
10470609
16424968
11439778
100253437
20003640
80557857
22951021
139139647
280037291
11409474
78673311
116657254
130099641
165708869
94219391
95891318
82337638
75318500
69464145
73838973
86616309
16211718
11112101
34312118
28511792
223079737
15929962
297604254
77241866
238923829
123115084
162005784
96476430
28909790
146806158
12592754
139110864
11442510
268528649
94840342
268528649
41707332
233693740
103838505
16606212
153952281
88742707
15929962
187687036
57219451
80557857
77403584
116740155
20518365
103919751
12221720
1450702331
12221720
1145495335
10681506
11442510
121944778
80557857
25268275
80557857
176248871
283709615
97886770
21382712
1145495335
11820238
103919751
297060328
96669672
70990583
121944778
72603563
280038600
20518365
95356090
76608021
12221720
80557857
113951395
283709615
49358400
11563093
79429148
23260999
57718450
12221720
230849680
116679805
69464145
94840342
238314382
166886667
28937301
429370070
130099641
80557857
123115084
77403584
28511843
80557857
76608021
30643517
16606212
28502053
93108071
16211718
162382546
218513910
12221720
86616309
27295548
97889473
12510164
78673311
95891318
187687193
103838505
27787143
27787143
125025062
139126981
30643517
268528649
11442510
57718450
59713741
10470609
13505848
187687036
48371371
40312463
10470609
96026548
81148423
95356090
96670147
31601544
18786843
31601544
48476252
26416050
74322546
192488915
212302951
2497565331
2497565357
2497565324
2497565322
2497565320
2497565318
2497565314
2497565307
2497565335
2497565338
2497565344
2497565347
2497565351
2497565356
1699715537
1699715541
1699715550
1699715557
1699715562
1699715576
1699715593
1699715602
1699715610
1699715616
1699715627
1699715632
1699715641
1699715652
1442612087
1442612147
746812989
746812983
746812979
746812972
746812959
746812957
746813002
746813006
746813011
746813016
746813021
746813025
1660648364
1660648469
1660648351
1660648342
1660648337
1660648319
1660648303
1660648264
1660648380
1660648395
1660648407
1660648424
1660648441
1660648451
514528390
5099366012
2909677195
1091940
5099435520
90782182
4643990608
514528468
2909677195
5099379532
5099383118
5099371447
514528545
5099385176
5099378998